<?xml version="1.0"?>
<opencv_storage>
<calibration_time>"2020年04月11日 星期六 21时25分40秒"</calibration_time>
<nr_of_frames>13</nr_of_frames>
<image_width>2976</image_width>
<image_height>3968</image_height>
<board_width>9</board_width>
<board_height>6</board_height>
<square_size>23.</square_size>
<fix_aspect_ratio>1.</fix_aspect_ratio>
<!-- flags: +fix_aspectRatio +fix_principal_point +zero_tangent_dist +fix_k4 +fix_k5 -->
<flags>6158</flags>
<fisheye_model>0</fisheye_model>
<camera_matrix type_id="opencv-matrix">
  <rows>3</rows>
  <cols>3</cols>
  <dt>d</dt>
  <data>
    3.2651942894219214e+03 0. 1488. 0. 3.2651942894219214e+03 1984. 0.
    0. 1.</data></camera_matrix>
    <rotate type_id="opencv-matrix">
  <rows>3</rows>
  <cols>3</cols>
  <dt>d</dt>
  <data>
    0.9847270265593208 -0.05416865905882806 0.1654643150029849 0.0576642227094335 0.9982014531532403 -0.01639195967771855 -0.1642787892058965 0.02568297682371669 0.9860795424906234</data></rotate>

    <translation type_id="opencv-matrix">
  <rows>3</rows>
  <cols>1</cols>
  <dt>d</dt>
  <data>
   -0.9913619539039815 0.1305160395310081 0.01292438690306471</data></translation>

<distortion_coefficients type_id="opencv-matrix">
  <rows>5</rows>
  <cols>1</cols>
  <dt>d</dt>
  <data>
    -2.5182727293502533e-01 2.4906909949493133e-01 0. 0.
    -4.1153492580557449e-02</data></distortion_coefficients>
<avg_reprojection_error>5.9999919119560428e+00</avg_reprojection_error>
<per_view_reprojection_errors type_id="opencv-matrix">
  <rows>13</rows>
  <cols>1</cols>
  <dt>f</dt>
  <data>
    1.10772896e+01 4.83383322e+00 5.86266232e+00 4.99771595e+00
    8.11422062e+00 3.40521431e+00 3.05098009e+00 8.80667400e+00
    7.61404085e+00 3.09774256e+00 2.78796697e+00 3.09797597e+00
    3.65193081e+00</data></per_view_reprojection_errors>
<!-- a set of 6-tuples (rotation vector + translation vector) for each view -->
<extrinsic_parameters type_id="opencv-matrix">
  <rows>13</rows>
  <cols>6</cols>
  <dt>d</dt>
  <data>
    8.4821958797409169e-02 -2.3850518513244584e-01
    -7.8238600015560947e-02 -2.2099198127572325e+01
    -9.1733904730184307e+01 2.5564781687625759e+02
    1.0013457861858736e-01 1.3663908929260765e-01
    -2.7236233553707837e-03 -3.8547534102455758e+00
    -1.1808458923277348e+02 3.5746526006582036e+02
    7.4741966311326224e-01 1.4581047564273894e-01
    -5.5434061107357095e-03 -5.3907211992579249e+00
    -1.4275488300117246e+02 3.5190561361677123e+02
    -2.1402025273500394e-01 -1.3923117448608913e-01
    -3.2551746483156077e-04 4.2376547824935562e+00
    -1.2437373869653518e+02 4.3251391233540306e+02
    -3.3674886886125321e-01 1.1211945522124926e-01
    -9.1100688118545950e-02 8.1080483519159614e+01
    -3.1300279952909460e+01 4.4266867874443307e+02
    3.4138910071271061e-01 8.2503527179156003e-02 2.9809645898877429e-01
    2.2674296197479414e+01 -1.7774710951030707e+02
    4.8470923722068090e+02 4.2179067066731352e-01 6.9936906334206539e-01
    -4.9232604980480260e-01 1.0990493810210096e+02
    -1.6871790336676113e+02 5.8106934004419861e+02
    1.5597698316998765e-01 -3.4038044708556048e-01
    4.8283451241618397e-01 -6.8788418047299331e+01
    -8.9698587698056329e+01 4.9797276004481301e+02
    6.3261593579949349e-01 -2.4455453343554218e-01
    2.9157110395562597e-01 -8.0342460963212005e+01
    -1.2692404830873640e+02 4.9354872515796865e+02
    6.3310777554728859e-01 4.7840196614298877e-02 9.8206793380873375e-02
    4.1460507180855819e+00 -1.2931369995827015e+02
    5.0083649709235624e+02 5.3396622118028862e-02
    -3.7591957216965183e-01 6.8057405562592599e-01
    1.6116503731129148e+02 -1.7189309005746475e+02
    5.9705796706303329e+02 -1.4514080359053014e-01
    -7.4300725870355344e-01 -1.6460778420441260e-01
    -6.9552580790483972e+01 -2.4258090586393330e+01
    3.6533590346223332e+02 -8.9134440717982294e-02
    7.5992021739863969e-01 3.5039584825640019e-01
    -5.5324388967673300e+01 -7.6182360942840077e+01
    4.1036589777928174e+02</data></extrinsic_parameters>
