<?xml version="1.0"?>
<opencv_storage>
<calibration_time>"2020年04月19日 星期日 18时08分58秒"</calibration_time>
<nr_of_frames>25</nr_of_frames>
<image_width>3968</image_width>
<image_height>1984</image_height>
<board_width>9</board_width>
<board_height>6</board_height>
<square_size>18.</square_size>
<fix_aspect_ratio>1.</fix_aspect_ratio>
<!-- flags: +fix_aspectRatio +fix_principal_point +zero_tangent_dist +fix_k4 +fix_k5 -->
<flags>6158</flags>
<fisheye_model>0</fisheye_model>
<camera_matrix type_id="opencv-matrix">
  <rows>3</rows>
  <cols>3</cols>
  <dt>d</dt>
  <data>
    3.1623973229849648e+03 0. 1984. 0. 3.1623973229849648e+03 992. 0. 0.
    1.</data></camera_matrix>
<distortion_coefficients type_id="opencv-matrix">
  <rows>5</rows>
  <cols>1</cols>
  <dt>d</dt>
  <data>
    8.8375974057629911e-02 -1.8464469215744758e-01 0. 0.
    2.3355756403648648e-01</data></distortion_coefficients>
<avg_reprojection_error>7.2590225648737960e-01</avg_reprojection_error>
<per_view_reprojection_errors type_id="opencv-matrix">
  <rows>25</rows>
  <cols>1</cols>
  <dt>f</dt>
  <data>
    4.75364119e-01 4.53278840e-01 4.20549035e-01 5.34674108e-01
    5.52527964e-01 4.22205836e-01 3.38283628e-01 5.22045553e-01
    6.61763370e-01 5.76295912e-01 6.61695540e-01 4.35920149e-01
    5.72726727e-01 5.75439632e-01 6.29566729e-01 6.94590449e-01
    1.01908934e+00 6.30600512e-01 2.22428036e+00 6.35344207e-01
    8.12786460e-01 4.02247965e-01 4.44153428e-01 4.69048738e-01
    6.67688370e-01</data></per_view_reprojection_errors>
<!-- a set of 6-tuples (rotation vector + translation vector) for each view -->
<extrinsic_parameters type_id="opencv-matrix">
  <rows>25</rows>
  <cols>6</cols>
  <dt>d</dt>
  <data>
    -1.0914463646552341e-01 2.7742961933820470e-01
    -5.1752967291594010e-02 -1.0276209399019603e+01
    -1.5708803023760925e+01 4.0224603654091572e+02
    -3.3054447385245000e-01 2.0371214855660924e-01
    1.6043322883647269e+00 2.2050282210276269e+01
    -7.9389473645311583e+01 3.8646938052242518e+02
    2.2531392964561905e-01 6.1082416471506595e-01 1.7271732182341843e+00
    7.4904410646810035e+01 -6.6060488378615091e+01
    3.9853012069521742e+02 4.1800646905179067e-01
    -5.8351128958340825e-01 1.1650694794237453e+00
    4.9750674193445491e+01 -7.1796712275981363e+01
    3.4052543044288137e+02 6.3592455005595960e-01
    -6.8715957104658298e-01 1.3282522352256745e+00
    5.7513171189252105e+01 -3.1563432832255398e+01
    3.1016730628822802e+02 -1.5980744397929247e-02
    -4.0352499521990381e-02 1.3590580266332881e-02
    -8.6241472528028069e+01 -4.9108115823255424e+01
    4.0645515675258775e+02 4.0067020336720727e-01 1.7950612827226549e-03
    7.2116840660846320e-03 -9.5218683075507556e+01
    -3.3965329841803687e+01 4.6304515244094307e+02
    6.4765358066616463e-01 -6.8012295623639385e-01
    1.2157469878733267e+00 4.4027292885346633e+01
    -7.0925199018806055e+01 3.1184009592425633e+02
    9.7142249667263236e-01 -2.3762493930590545e-01
    1.4724066424816682e+00 -6.6315779207694533e+01
    -5.4053232018293457e+01 2.8873826784389428e+02
    -9.0333677513517940e-01 8.0202771640525650e-01
    1.8689798880755766e+00 5.8324592434436111e+00
    -4.6944745888371644e+00 3.9850973236664601e+02
    -7.2414059814665110e-01 9.2640990782146992e-01
    2.4759825081872191e+00 2.4381797707088143e+01 2.2102650478791976e+01
    3.4633121788816283e+02 -6.6587953242457129e-02
    4.7666366119031467e-02 1.5690137194182159e+00 5.5643138464641346e+01
    -7.5617243067838729e+01 3.9301294164511188e+02
    1.7117217403089902e-01 2.1946496812947877e-01 1.6159835953749113e+00
    1.8360760187482478e+02 -9.2838344747781335e+01
    3.9375046961859374e+02 7.0867559862208296e-01
    -3.2357875454915963e-01 1.0332595406878060e+00
    -2.3613986959013622e+00 -4.7709273836349098e+01
    2.7839591922350849e+02 1.0613395049355505e+00
    -2.5383682147361514e-01 1.1254198569451723e+00
    1.0080096487794573e+02 -3.2021066616942505e+01
    2.7544260471630378e+02 7.5525399559759920e-01
    -8.8092520927552964e-01 1.5746790727855140e+00
    6.2211073909998142e+01 -4.0421786197449102e+01
    2.6359924375504596e+02 -8.7062933173857449e-01
    8.3240758909391732e-01 1.6879839932055654e+00 6.1194976855992948e+01
    -3.1272309821079833e+01 3.0971161029010779e+02
    -6.9114029103772412e-01 1.0182892017198217e+00
    2.1857568088017527e+00 6.6319627063901962e+01 1.4181964134705360e+01
    3.5779747862362063e+02 -5.5063930311453180e-01
    1.1090468013254147e+00 2.0634103691906782e+00 1.4993107973126126e+02
    -1.7684306535170682e+00 3.5447599474427244e+02
    -2.9003138923218036e-01 7.5708557474965166e-01
    1.6786501012277093e+00 1.7812982947152992e+02
    -5.0019860121257906e+01 4.0575020022851498e+02
    4.5160258633608528e-02 1.1702218256740285e-01
    -2.2815325488143343e-02 -5.9892045270393744e+01
    -4.7965873732081697e+01 2.7059570643789203e+02
    -7.7357817923436578e-01 7.2811769798709547e-01
    1.8503743050377057e+00 1.2510288330620511e+02
    -1.7179209902667360e+01 6.3985687697452590e+02
    7.6016794897876039e-01 -7.7957696011585931e-01
    1.2947332101075577e+00 2.0263283732736777e+01
    -7.6405806796972527e+01 3.7576877844171554e+02
    8.8757516386183133e-01 -1.5863465800538198e-01
    9.3575558276527349e-01 1.4393699939777601e+01
    -7.8731797533421485e+01 3.4620269706705886e+02
    3.7975300387718514e-01 -7.6846014136293328e-01
    1.3038366799197372e+00 4.6813142836563550e+01
    -5.1770830521877464e+01 2.5995674004927980e+02</data></extrinsic_parameters>
